50
37131113 70
767 70
6617 70
211129102 70
6891 70
65223 70
7127 70
144123 70
375 70
1612351267 70
137131113 70
3767 70
56617 70
6211129102 70
16891 70
265223 70
97127 70
4144123 70
5375 70
36131267 70
73731113 70
7767 70
36617 70
92129102 70
36891 70
565223 70
77127 70
3144123 70
7375 70
13851267 70
73731113 70
6367 70
93617 70
36112903 70
316891 70
763723 70
37147 70
74116 70
351225 70
71165267 70
49131113 70
5127 70
73417 70
2115202 70
686241 70
656233 70
762347 70
1417723 70
3767795 70
7661267 70
